(56,52),(12,54),(32,32)
(39,44),(94,44),(30,8)
(5,1),(91,51),(19,65)
(51,20),(58,25),(34,89)
(10,20),(7,30),(65,38)
(61,97),(71,43),(18,51)
(0,65),(70,57),(5,26)
(87,87),(93,86),(29,75)
(7,100),(89,88),(75,64)
(24,44),(36,38),(37,40)
(5,32),(89,43),(95,46)
(8,95),(72,77),(58,15)
(90,27),(24,37),(69,38)
(30,80),(30,31),(92,77)
(77,21),(76,33),(86,37)
(69,22),(8,37),(68,100)
(54,76),(57,94),(38,81)
(16,4),(69,89),(14,65)
(53,78),(21,7),(47,24)
(60,22),(50,39),(81,17)
(16,97),(30,94),(89,93)
(62,67),(24,20),(43,65)
(46,32),(67,42),(98,78)
(37,44),(56,60),(57,49)
(40,11),(13,17),(62,75)
(57,0),(100,95),(4,40)
(67,56),(1,0),(31,82)
(63,66),(72,64),(100,30)
(63,2),(44,19),(81,18)
(2,91),(64,91),(78,81)
(39,97),(64,73),(97,70)
(25,46),(21,70),(78,21)
(57,47),(84,92),(76,54)
(40,75),(31,38),(31,46)
(41,86),(51,84),(21,61)
(100,86),(58,37),(21,19)
(90,60),(67,44),(73,97)
(44,63),(49,31),(13,58)
(16,73),(77,76),(76,73)
(56,51),(67,4),(100,83)
(28,95),(10,77),(36,7)
(60,23),(54,0),(57,10)
(69,97),(40,39),(48,9)
(83,11),(25,44),(35,84)
(100,27),(12,83),(61,8)
(96,10),(10,35),(0,34)
(42,40),(5,53),(87,39)
(87,55),(71,90),(15,66)
(100,97),(49,88),(5,39)
(53,83),(81,60),(4,32)
(29,94),(14,53),(16,80)
(22,3),(29,16),(99,77)
(25,6),(61,4),(35,71)
(94,27),(0,30),(11,13)
(47,5),(92,64),(25,66)
(89,65),(63,29),(85,44)
(57,36),(41,87),(41,59)
(64,34),(33,92),(7,29)
(2,13),(55,76),(47,59)
(99,37),(12,27),(46,48)
(13,77),(20,83),(48,25)
(57,76),(62,55),(35,9)
(64,4),(10,64),(72,18)
(91,18),(15,77),(63,74)
(39,10),(77,36),(32,84)
(30,22),(23,87),(35,75)
(7,59),(58,65),(31,37)
(83,54),(45,79),(78,14)
(97,9),(86,12),(94,8)
(5,70),(44,95),(93,42)
(62,34),(36,40),(10,83)
(18,95),(97,59),(71,66)
(15,19),(48,62),(8,3)
(84,80),(9,8),(28,98)
(79,65),(66,43),(21,72)
(22,49),(78,89),(13,71)
(53,11),(65,59),(14,5)
(47,29),(77,28),(81,49)
(20,1),(66,41),(26,92)
(72,4),(59,7),(73,50)
(0,19),(25,86),(76,37)
(93,55),(73,15),(24,14)
(68,80),(87,73),(3,93)
(61,3),(41,94),(37,100)
(38,78),(35,33),(19,27)
(99,5),(58,80),(14,73)
(78,59),(40,22),(19,59)
(94,3),(71,47),(17,32)
(66,9),(99,97),(2,39)
(28,38),(59,85),(37,60)
(81,35),(8,8),(10,63)
(24,66),(96,100),(60,6)
(10,34),(52,41),(64,39)
(89,4),(8,80),(39,11)
(29,89),(25,92),(64,74)
(7,26),(28,6),(18,19)
(32,95),(74,67),(33,8)
(96,51),(5,96),(33,99)
(39,71),(62,35),(63,83)
(23,35),(8,69),(10,16)
(68,49),(76,41),(55,3)
(61,97),(15,67),(23,83)
(77,33),(75,60),(61,13)
(76,43),(72,39),(15,71)
(88,33),(11,53),(59,77)
(23,79),(76,8),(37,34)
(9,43),(76,46),(62,9)
(69,31),(28,70),(57,2)
(26,39),(10,84),(68,4)
(85,93),(4,52),(82,52)
(67,35),(33,21),(94,59)
(37,86),(69,28),(44,57)
(25,48),(14,94),(54,78)
(99,28),(33,59),(18,83)
(39,51),(77,46),(81,25)
(33,43),(49,32),(9,62)
(28,68),(9,77),(100,15)
(96,26),(6,82),(12,47)
(8,7),(57,13),(75,98)
(5,76),(0,55),(33,55)
(58,53),(3,15),(3,5)
(57,10),(79,23),(34,36)
(61,29),(54,69),(23,6)
(9,84),(63,36),(27,49)
(85,71),(25,8),(4,71)
(6,46),(11,88),(77,97)
(17,27),(24,7),(83,35)
(69,88),(16,40),(34,82)
(45,32),(46,62),(3,44)
(87,94),(64,49),(2,55)
(75,68),(68,63),(90,14)
(51,27),(82,23),(2,75)
(38,57),(71,85),(75,65)
(39,46),(1,7),(0,39)
(0,31),(28,41),(68,12)
(58,12),(43,91),(45,14)
(19,0),(41,26),(53,17)
(17,1),(42,60),(31,92)
(97,8),(54,84),(41,46)
(61,14),(0,64),(20,93)
(50,71),(57,72),(28,0)
(70,96),(7,70),(89,81)
(69,95),(87,1),(87,26)
(84,94),(19,9),(40,70)
(85,87),(45,71),(87,15)
(50,10),(43,13),(53,5)
(33,98),(63,38),(91,94)
(80,43),(66,86),(91,99)
(80,98),(10,20),(79,35)
(18,24),(31,66),(13,61)
(48,39),(61,72),(97,82)
(2,27),(49,38),(99,11)
(1,58),(0,59),(26,49)
(77,70),(67,80),(59,81)
(81,27),(79,56),(97,46)
(82,36),(0,77),(75,63)
(7,62),(53,81),(47,48)
(24,78),(13,100),(77,55)
(18,91),(26,83),(24,81)
(7,47),(25,14),(2,2)
(18,10),(14,83),(10,72)
(93,78),(42,65),(25,96)
(47,11),(15,70),(32,16)
(27,84),(89,71),(58,5)
(43,77),(88,96),(86,73)
(96,62),(43,19),(48,95)
(98,66),(92,20),(24,61)
(73,64),(20,96),(82,85)
(13,23),(3,30),(69,67)
(42,50),(58,66),(97,97)
(85,54),(86,57),(44,0)
(41,73),(1,8),(14,82)
(86,43),(61,22),(23,66)
(44,79),(30,21),(9,0)
(56,99),(76,40),(75,44)
(20,51),(40,67),(100,17)
(73,0),(100,0),(32,25)
(38,93),(29,96),(66,40)
(92,90),(1,13),(93,81)
(31,75),(52,32),(100,46)
(13,99),(75,97),(58,8)
(12,89),(61,46),(90,61)
(36,24),(96,78),(96,34)
(85,73),(13,96),(4,34)
(24,36),(70,50),(18,72)
(80,51),(29,82),(10,67)
(24,39),(89,35),(11,43)
(9,34),(44,86),(73,0)
(52,48),(41,80),(34,46)
(39,55),(41,36),(19,92)
(67,51),(13,49),(22,31)
(83,48),(95,44),(94,59)
(56,58),(70,21),(48,85)
(3,11),(91,90),(4,45)
(44,77),(45,89),(70,43)
(83,88),(100,66),(8,84)
(24,6),(76,77),(46,66)
(97,26),(46,39),(91,59)
(79,28),(58,0),(37,68)
(24,82),(16,48),(37,27)
(19,65),(92,32),(66,60)
(38,72),(16,32),(97,74)
(88,43),(46,96),(97,41)
(19,34),(9,25),(77,42)
(3,44),(1,56),(28,88)
(100,27),(24,69),(70,25)
(34,84),(7,96),(0,9)
(39,36),(7,30),(91,12)
(16,53),(86,16),(78,95)
(54,7),(26,44),(6,71)
(50,23),(65,23),(100,30)
(67,73),(26,17),(99,65)
(93,92),(57,57),(85,60)
(90,4),(78,36),(52,96)
(3,68),(4,96),(75,61)
(58,28),(14,69),(64,25)
(28,86),(48,56),(59,31)
(70,1),(37,12),(45,81)
(93,41),(31,89),(64,29)
(0,73),(83,67),(1,20)
(93,78),(20,64),(98,52)
(2,22),(100,17),(8,78)
(15,39),(6,48),(2,95)
(87,66),(31,79),(34,43)
(93,34),(56,54),(52,23)
(34,72),(87,56),(52,57)
(65,15),(63,42),(15,79)
(73,82),(79,67),(9,65)
(38,21),(39,6),(91,95)
(91,67),(46,91),(10,92)
(81,76),(95,43),(90,38)
(78,84),(70,63),(21,28)
(0,94),(68,53),(48,0)
(12,93),(12,92),(88,40)
(56,30),(7,23),(85,17)
(87,28),(73,45),(34,64)
(91,59),(83,7),(22,20)
(99,26),(79,5),(59,26)
(44,11),(70,52),(32,79)
(91,1),(72,95),(28,83)
(19,4),(38,25),(65,27)
(67,73),(99,8),(24,24)
(18,77),(60,25),(99,89)
(27,58),(42,16),(21,24)
(56,78),(47,55),(6,53)
(58,8),(29,88),(71,38)
(20,97),(56,48),(99,48)
(61,78),(14,18),(52,89)
(5,44),(14,48),(2,99)
(55,10),(63,11),(97,42)
(100,77),(73,25),(48,19)
(95,13),(78,99),(91,30)
(91,82),(82,12),(1,98)
(2,61),(22,93),(80,8)
(76,65),(5,66),(2,28)
(32,22),(86,90),(50,61)
(1,96),(50,22),(52,52)
(51,40),(90,70),(59,10)
(58,37),(38,98),(14,80)
(91,2),(72,60),(31,40)
(29,15),(2,7),(63,47)
(9,83),(23,48),(67,34)
(8,48),(94,69),(59,24)
(93,31),(8,90),(27,11)
(92,9),(58,90),(38,32)
(36,25),(55,55),(23,48)
(51,83),(65,69),(60,51)
(24,67),(42,76),(73,74)
(49,18),(73,17),(44,17)
(62,7),(54,87),(50,65)
(10,77),(32,85),(21,11)
(52,24),(36,70),(94,68)
(57,6),(96,24),(98,53)
(85,62),(2,67),(90,86)
(41,46),(70,34),(26,17)
(5,56),(16,63),(23,32)
(89,26),(62,65),(23,26)
(58,6),(71,52),(45,80)
(75,61),(61,47),(92,27)
(12,14),(46,67),(78,45)
(58,28),(82,36),(46,53)
(73,83),(17,47),(21,87)
(91,33),(24,85),(63,72)
(9,53),(62,49),(26,48)
(67,10),(3,53),(99,36)
(7,45),(84,79),(63,82)
(43,82),(89,95),(98,41)
(4,77),(78,5),(53,27)
(16,53),(17,98),(25,69)
(91,58),(45,81),(89,93)
(65,90),(91,54),(40,12)
(43,86),(58,62),(31,64)
(39,91),(73,63),(12,1)
(83,8),(7,30),(25,44)
(96,45),(4,38),(0,23)
(92,81),(14,1),(23,61)
(74,69),(74,89),(44,45)
(8,75),(45,52),(36,83)
(7,92),(81,100),(18,85)
(86,52),(34,74),(82,30)
(89,94),(98,8),(12,96)
(68,11),(43,100),(38,55)
(78,39),(0,3),(95,83)
(20,37),(8,63),(90,9)
(53,67),(56,1),(67,83)
(25,25),(16,66),(62,7)
(75,89),(70,63),(80,71)
(74,38),(6,35),(37,3)
(67,21),(80,30),(47,51)
(66,26),(68,100),(3,100)
(53,15),(52,27),(33,87)
(88,22),(6,99),(53,43)
(28,99),(82,24),(26,47)
(63,95),(51,75),(15,21)
(58,28),(83,66),(61,84)
(39,33),(42,58),(14,14)
(14,48),(25,92),(76,61)
(4,76),(70,6),(95,79)
(81,14),(39,87),(98,98)
(1,81),(33,7),(99,1)
(15,3),(15,16),(96,92)
(5,55),(12,57),(30,54)
(42,70),(99,100),(0,93)
(53,5),(21,39),(67,69)
(99,40),(76,51),(6,2)
(63,79),(60,60),(98,78)
(80,10),(98,59),(99,75)
(49,67),(69,80),(2,2)
(88,23),(49,16),(2,10)
(0,68),(86,95),(92,68)
(42,71),(43,64),(11,84)
(17,42),(97,40),(45,72)
(19,80),(56,86),(11,76)
(77,4),(87,88),(90,4)
(2,23),(35,69),(72,75)
(50,15),(99,80),(6,35)
(69,49),(46,61),(53,6)
(25,47),(15,80),(25,29)
(85,38),(21,14),(51,34)
(46,13),(32,57),(79,98)
(34,12),(80,53),(48,0)
(2,30),(56,54),(18,29)
(40,41),(4,94),(60,25)
(62,62),(10,58),(75,30)
(53,58),(18,40),(59,96)
(79,4),(83,67),(24,64)
(93,56),(37,63),(100,17)
(59,51),(100,18),(81,39)
(61,58),(63,100),(81,5)
(10,37),(64,87),(53,24)
(38,50),(49,34),(67,83)
(60,70),(56,4),(33,27)
(57,40),(33,6),(75,15)
(62,75),(24,4),(46,59)
(17,29),(38,81),(100,86)
(100,27),(48,84),(79,48)
(68,77),(57,32),(21,87)
(49,92),(22,9),(92,16)
(70,40),(83,95),(16,79)
(30,29),(91,35),(25,10)
(2,92),(24,8),(43,74)
(66,0),(22,23),(44,23)
(15,4),(65,58),(16,56)
(71,32),(75,31),(49,14)
(92,100),(45,63),(8,10)
(93,97),(50,1),(73,42)
(36,75),(41,36),(87,18)
(22,96),(31,18),(30,7)
(69,50),(43,71),(76,12)
(43,72),(42,78),(61,80)
(79,30),(68,15),(13,0)
(5,56),(62,31),(48,60)
(97,26),(82,1),(29,98)
(89,81),(40,72),(38,3)
(87,35),(53,15),(26,76)
(97,69),(77,67),(1,96)
(32,90),(18,10),(28,21)
(87,34),(25,61),(53,23)
(37,9),(26,91),(3,88)
(99,3),(96,64),(85,81)
(68,42),(48,100),(65,82)
(17,48),(88,62),(29,10)
(70,28),(47,70),(37,19)
(82,8),(91,73),(16,100)
(36,84),(57,33),(89,94)
(9,46),(87,1),(31,21)
(52,9),(82,4),(56,20)
(84,8),(34,56),(96,99)
(74,64),(42,66),(7,3)
(11,81),(23,28),(58,24)
(55,55),(26,9),(2,59)
(87,23),(6,77),(76,1)
(90,22),(80,82),(89,24)
(27,34),(96,63),(93,30)
(98,47),(30,51),(24,36)
(21,99),(17,100),(73,8)
(86,73),(48,97),(0,72)
(63,43),(82,74),(97,34)
(55,34),(0,55),(73,37)
(93,67),(10,80),(36,94)
(64,92),(74,65),(75,7)
(2,77),(57,30),(63,95)
(7,59),(16,65),(11,42)
(81,63),(66,46),(97,45)
(49,32),(66,83),(56,20)
(81,12),(23,90),(39,59)
(87,29),(49,9),(73,53)
(89,54),(83,64),(72,17)
(13,30),(36,85),(65,90)
(67,83),(65,35),(16,83)
(85,97),(70,73),(7,14)
(53,65),(26,24),(16,51)
(10,65),(8,91),(83,79)
(71,22),(48,41),(20,98)
(36,36),(63,54),(4,62)
(5,86),(2,9),(16,30)
(53,29),(77,88),(36,53)
(32,83),(53,1),(74,97)
(41,94),(71,52),(46,30)
(81,85),(62,45),(21,42)
(83,83),(73,97),(81,98)
(80,45),(32,85),(1,44)
(2,60),(52,54),(41,85)
(7,61),(1,48),(90,84)
(46,30),(54,96),(69,42)
(75,32),(64,26),(94,0)
(87,7),(97,42),(76,46)
(54,9),(97,94),(58,43)
(70,61),(12,43),(59,99)
(0,22),(14,4),(69,19)
(92,53),(52,60),(23,26)
(75,61),(35,68),(65,93)
(8,66),(82,33),(70,88)
(95,8),(44,68),(30,35)
(52,8),(85,63),(28,81)
(94,53),(11,41),(35,86)
(85,13),(71,58),(12,3)
(87,82),(44,55),(0,11)
(92,27),(87,84),(83,19)
(61,58),(9,86),(7,81)
(81,21),(68,62),(9,27)
(72,61),(85,93),(24,61)
(20,16),(91,73),(72,70)
(97,88),(26,3),(35,77)
(27,9),(70,3),(34,18)
(24,4),(92,37),(37,30)
(8,83),(31,48),(32,73)
(62,8),(42,80),(52,3)
(16,78),(65,63),(52,62)
(26,32),(30,50),(62,27)
(67,20),(27,63),(62,24)
(48,90),(65,65),(59,51)
(75,0),(18,66),(93,73)
(3,94),(76,26),(63,47)
(64,17),(75,66),(21,59)
(11,68),(63,25),(41,0)
(60,49),(61,70),(85,97)
(19,6),(41,18),(88,8)
(41,61),(41,48),(19,15)
(46,95),(42,62),(19,10)
(21,58),(98,53),(95,5)
(21,81),(79,5),(20,8)
(81,97),(89,8),(56,4)
(61,18),(21,100),(11,74)
(40,37),(57,46),(95,29)
(59,5),(56,1),(42,2)
(25,59),(14,79),(14,43)
(43,84),(44,81),(29,35)
(38,45),(91,20),(58,24)
(36,31),(63,100),(74,17)
(50,55),(71,44),(33,3)
(55,12),(40,30),(98,96)
(33,57),(12,50),(13,65)
(36,38),(42,91),(48,55)
(6,17),(45,76),(55,46)
(61,57),(25,6),(87,81)
(3,92),(37,25),(52,41)
(74,35),(7,16),(23,92)
(59,98),(98,21),(56,40)
(97,89),(75,80),(44,100)
(6,27),(54,50),(36,82)
(83,4),(5,25),(68,14)
(40,69),(25,5),(62,8)
(60,72),(52,63),(75,65)
(59,12),(56,70),(71,10)
(21,13),(68,95),(94,52)
(25,100),(66,55),(94,41)
(88,99),(54,53),(7,48)
(34,14),(22,62),(63,60)
(83,46),(18,71),(91,49)
(55,32),(37,42),(65,77)
(14,4),(45,15),(39,24)
(87,39),(89,21),(19,36)
(64,88),(4,49),(99,76)
(67,20),(75,54),(36,4)
(29,0),(32,31),(64,24)
(39,36),(69,69),(92,54)
(63,27),(70,58),(39,83)
(15,74),(5,28),(70,56)
(37,18),(55,17),(78,35)
(68,41),(85,0),(8,88)
(61,63),(49,59),(95,14)
(94,81),(79,66),(11,54)
(69,75),(69,29),(3,41)
(30,30),(33,46),(9,50)
(80,2),(37,39),(18,71)
(2,98),(29,40),(83,4)
(60,30),(22,13),(52,57)
(3,6),(10,29),(71,82)
(76,56),(91,79),(22,79)
(62,63),(26,94),(26,21)
(42,29),(11,45),(34,72)
(90,75),(93,94),(86,13)
(33,33),(48,27),(56,18)
(10,69),(63,55),(78,17)
(32,48),(31,2),(56,38)
(61,30),(3,32),(19,93)
(88,1),(5,13),(43,46)
(42,100),(89,9),(86,96)
(55,80),(42,20),(17,21)
(58,14),(88,10),(17,19)
(73,77),(17,77),(6,19)
(83,94),(58,15),(22,79)
(68,43),(20,68),(55,45)
(97,39),(49,51),(30,63)
(27,45),(80,13),(58,3)
(76,48),(80,100),(31,3)
(24,50),(33,64),(93,52)
(89,82),(15,45),(61,82)
(23,59),(100,85),(10,49)
(93,7),(75,81),(28,96)
(3,56),(34,90),(10,68)
(12,73),(6,97),(74,76)
(88,35),(75,40),(20,30)
(22,50),(14,64),(85,29)
(23,87),(85,16),(12,37)
(21,55),(66,100),(21,77)
(33,2),(31,95),(30,35)
(54,74),(16,53),(32,10)
(55,83),(33,38),(69,70)
(19,71),(71,67),(87,55)
(61,45),(25,40),(13,60)
(60,78),(6,58),(80,46)
(32,70),(58,93),(88,39)
(50,72),(16,0),(39,11)
(6,29),(37,36),(93,71)
(64,80),(63,19),(55,56)
(87,98),(81,43),(25,23)
(9,60),(100,40),(2,41)
(86,53),(98,14),(37,31)
(73,26),(83,44),(90,47)
(73,11),(40,27),(49,55)
(61,82),(13,64),(0,70)
(89,88),(6,29),(89,66)
(11,82),(30,93),(85,15)
(27,78),(26,1),(96,82)
(53,39),(93,42),(100,65)
(1,89),(96,54),(9,31)
(43,60),(52,90),(54,22)
(75,72),(99,27),(42,6)
(14,45),(11,70),(19,10)
(52,69),(47,13),(10,4)
(15,61),(86,27),(100,66)
(96,35),(42,36),(84,53)
(75,40),(78,37),(41,85)
(5,94),(22,95),(16,53)
(50,10),(15,15),(98,36)
(77,28),(61,16),(77,34)
(95,90),(79,60),(82,43)
(8,18),(78,2),(41,74)
(17,60),(12,24),(71,18)
(92,78),(66,81),(62,85)
(28,38),(32,34),(11,16)
(66,59),(1,9),(81,75)
(24,43),(64,6),(100,62)
(21,40),(62,62),(61,72)
(26,90),(26,49),(24,79)
(8,70),(84,3),(72,84)
(14,46),(88,89),(45,11)
(89,38),(59,80),(74,53)
(55,38),(10,15),(9,83)
(1,8),(81,45),(83,31)
(9,75),(43,73),(92,73)
(66,40),(5,54),(53,51)
(43,17),(31,39),(59,86)
(57,77),(1,19),(66,19)
(14,20),(68,39),(74,22)
(47,2),(7,5),(60,35)
(5,91),(36,66),(19,16)
(47,40),(74,30),(43,68)
(21,27),(1,79),(26,83)
(82,83),(64,96),(49,24)
(9,92),(49,41),(17,78)
(86,77),(27,28),(74,62)
(34,84),(28,95),(44,99)
(87,34),(20,60),(33,41)
(85,89),(2,36),(59,41)
(94,47),(25,2),(32,85)
(43,2),(29,67),(9,35)
(3,96),(75,54),(1,81)
(37,23),(35,36),(37,9)
(50,33),(24,62),(30,22)
(95,8),(77,48),(84,8)
(73,5),(37,70),(9,70)
(35,27),(100,74),(86,46)
(95,37),(5,72),(2,70)
(24,49),(3,25),(25,42)
(82,0),(67,7),(24,19)
(63,74),(98,92),(71,28)
(41,52),(9,14),(86,70)
(47,93),(83,43),(21,45)
(88,4),(35,72),(35,44)
(11,57),(32,11),(91,59)
(88,49),(71,48),(51,13)
(92,61),(48,40),(85,33)
(71,54),(65,79),(5,55)
(43,32),(83,72),(98,11)
(56,89),(47,33),(57,70)
(56,39),(73,7),(69,25)
(67,53),(67,6),(39,27)
(93,38),(2,38),(74,24)
(89,99),(11,56),(49,73)
(67,48),(87,11),(34,54)
(40,11),(49,35),(73,42)
(98,71),(78,45),(4,71)
(76,63),(49,38),(95,10)
(56,47),(97,92),(36,41)
(3,53),(63,56),(0,51)
(54,44),(30,76),(95,29)
(96,58),(82,58),(81,70)
(19,84),(83,56),(69,45)
(34,87),(16,21),(24,59)
(53,33),(27,0),(4,72)
(57,58),(73,47),(28,31)
(62,75),(85,38),(94,26)
(80,69),(35,97),(87,80)
(57,43),(41,3),(27,20)
(60,8),(75,27),(81,75)
(11,78),(41,88),(5,27)
(12,55),(1,71),(71,98)
(67,1),(60,99),(0,64)
(70,63),(9,61),(22,40)
(25,79),(59,51),(4,32)
(7,13),(72,30),(73,18)
(99,79),(87,78),(77,49)
(67,68),(63,65),(42,99)
(84,84),(56,55),(7,96)
(33,75),(43,88),(15,93)
(85,98),(64,72),(59,34)
(5,99),(82,27),(12,37)
(48,92),(11,13),(63,80)
(4,9),(99,55),(88,44)
(61,10),(2,20),(1,48)
(83,74),(73,86),(44,1)
(26,93),(50,62),(11,23)
(47,15),(1,90),(38,22)
(44,23),(71,34),(59,49)
(22,40),(61,11),(38,75)
(6,13),(7,32),(41,21)
(76,52),(17,84),(36,56)
(96,42),(100,80),(74,44)
(10,27),(81,20),(91,46)
(88,29),(1,48),(2,91)
(7,58),(22,95),(51,90)
(61,31),(78,9),(13,95)
(43,40),(65,1),(41,19)
(94,32),(47,100),(86,26)
(91,91),(71,62),(22,23)
(65,68),(18,41),(80,58)
(76,5),(0,79),(62,25)
(22,56),(28,83),(24,27)
(6,95),(3,74),(82,37)
(85,54),(24,95),(17,97)
(99,96),(56,31),(78,14)
(32,87),(65,27),(87,20)
(45,8),(89,23),(14,6)
(88,82),(51,26),(12,77)
(25,68),(17,71),(44,23)
(99,3),(100,2),(82,69)
(38,21),(91,85),(91,64)
(26,83),(79,52),(28,90)
(86,10),(49,38),(60,23)
(97,16),(74,29),(33,2)
(48,16),(67,45),(51,65)
(26,37),(16,4),(81,31)
(2,71),(38,20),(93,20)
(72,9),(69,62),(94,64)
(54,51),(84,71),(11,54)
(88,83),(24,4),(15,80)
(71,62),(43,68),(80,39)
(0,19),(55,64),(82,35)
(3,18),(19,95),(84,58)
(32,55),(95,81),(72,58)
(96,92),(19,47),(1,14)
(37,40),(40,76),(30,6)
(38,30),(6,19),(75,77)
(5,73),(68,88),(54,7)
(99,58),(51,78),(97,71)
(58,57),(97,66),(72,49)
(60,69),(33,54),(63,58)
(31,18),(56,1),(12,37)
(90,59),(14,51),(92,60)
(10,47),(63,87),(29,19)
(39,58),(94,82),(96,28)
(3,15),(38,68),(16,17)
(100,74),(65,15),(52,64)
(50,14),(12,92),(0,62)
(59,63),(55,46),(33,2)
(79,50),(46,20),(91,65)
(76,72),(19,61),(34,51)
(68,67),(3,95),(35,89)
(82,41),(60,68),(28,69)
(44,98),(22,82),(43,77)
(50,74),(67,0),(28,47)
(21,77),(72,84),(92,11)
(90,34),(8,23),(65,14)
(24,63),(10,84),(2,42)
(97,94),(5,33),(5,58)
(65,6),(15,24),(40,15)
(32,56),(82,56),(18,32)
(30,78),(93,97),(70,70)
(27,97),(31,99),(87,48)
(25,93),(55,32),(20,22)
(4,90),(42,31),(7,52)
(44,35),(62,89),(88,6)
(24,63),(56,81),(4,60)
(73,8),(17,10),(10,52)
(86,51),(77,94),(30,44)
(48,11),(66,59),(69,68)
(37,12),(58,1),(84,70)
(71,95),(48,41),(72,68)
(55,29),(83,47),(12,73)
(2,16),(15,51),(74,56)
(82,15),(92,71),(50,67)
(44,75),(7,66),(51,6)
(9,57),(52,15),(43,44)
(17,79),(35,89),(96,22)
(73,82),(7,57),(0,91)
(4,5),(81,90),(14,9)
(97,19),(60,22),(11,28)
(63,81),(86,5),(29,3)
(2,71),(49,58),(69,61)
(50,34),(90,69),(27,67)
(36,91),(18,64),(44,29)
(32,45),(10,47),(85,89)
(8,100),(12,62),(14,7)
(14,9),(100,44),(61,41)
(75,99),(37,41),(42,68)
(75,45),(17,85),(27,87)
(71,10),(66,26),(33,53)
(51,62),(60,85),(84,99)
(87,69),(11,11),(3,68)
(94,39),(32,96),(36,92)
(31,9),(58,87),(93,74)
(6,94),(25,30),(28,100)
(52,17),(12,90),(92,62)
(90,63),(40,55),(86,29)
(31,53),(55,92),(21,94)
(99,17),(0,23),(93,14)
(86,7),(27,26),(16,98)
(95,13),(90,78),(35,34)
(76,49),(62,46),(43,41)
(15,63),(9,97),(42,51)
(25,43),(63,8),(77,40)
(81,68),(53,7),(40,61)
(95,57),(82,82),(68,38)
(87,93),(55,37),(65,43)
(58,19),(93,95),(10,30)
(44,88),(83,0),(59,75)
(17,67),(47,50),(14,74)
(75,53),(75,51),(71,94)
(98,16),(73,5),(96,69)
(93,5),(19,7),(13,59)
(4,28),(44,17),(80,43)
(51,14),(3,18),(68,54)
(41,48),(4,22),(7,88)
(18,90),(50,2),(17,45)
(3,33),(88,31),(14,14)
(44,87),(98,49),(77,81)
(93,76),(87,11),(6,2)
(14,34),(26,66),(63,4)
(53,29),(35,98),(79,33)
(66,30),(51,67),(43,19)
(61,75),(69,8),(77,20)
(9,96),(91,33),(43,79)
(72,25),(14,38),(100,49)
(46,59),(92,51),(58,28)
(51,96),(77,55),(79,44)
(69,50),(17,28),(15,9)
(6,86),(78,11),(29,45)
(98,48),(92,73),(34,53)
(47,34),(46,22),(43,29)
(87,55),(12,25),(79,92)
(18,48),(58,68),(64,64)
(99,2),(70,13),(59,93)
(46,13),(14,32),(56,76)
(23,89),(0,89),(42,12)
(22,59),(5,1),(46,13)
(67,12),(60,53),(89,92)
(94,74),(57,92),(4,44)
(28,30),(53,15),(15,55)
(59,75),(88,71),(8,99)
(29,93),(44,4),(88,77)
(96,10),(85,17),(51,66)
(73,77),(8,100),(54,17)
(85,50),(17,89),(31,2)
(67,35),(83,93),(48,46)
(13,21),(78,54),(11,7)
(74,38),(91,64),(88,7)
(70,64),(86,94),(56,87)
(16,50),(80,67),(32,25)
(32,10),(56,30),(62,64)
(31,95),(8,9),(17,89)
(22,59),(85,18),(68,21)
(42,97),(84,78),(11,24)
(90,67),(86,40),(88,19)
(27,52),(99,17),(30,68)
(5,49),(5,44),(40,30)
(31,21),(20,73),(70,36)
(5,96),(20,42),(11,43)
(26,67),(69,93),(14,28)
(75,99),(8,56),(34,24)
(29,0),(46,14),(95,35)
(87,57),(23,66),(36,51)
(59,86),(29,98),(100,21)
(40,15),(60,74),(81,0)
(5,47),(7,40),(39,86)
(66,95),(63,100),(49,82)
(25,0),(57,2),(11,92)
(76,17),(74,91),(21,9)
(37,43),(72,22),(17,32)
(90,36),(18,77),(28,78)
(99,46),(89,38),(84,90)
(10,27),(90,9),(4,21)
(14,77),(4,98),(3,14)
(41,47),(35,99),(75,46)
(72,8),(48,70),(24,72)
(68,53),(42,55),(98,4)
(99,63),(16,72),(74,7)
(44,13),(24,1),(43,26)
(32,60),(2,19),(25,4)
(98,46),(80,22),(32,10)
(13,59),(38,95),(50,17)
(15,48),(77,87),(66,5)
(71,31),(9,58),(41,42)
(56,4),(39,97),(35,54)
(0,60),(59,88),(14,37)
(75,81),(17,50),(77,56)
(55,29),(84,6),(87,30)
(26,47),(57,96),(37,99)
(98,5),(56,27),(67,94)
(37,67),(66,11),(8,12)
(61,6),(83,80),(90,66)
(42,86),(30,47),(2,23)
(26,74),(46,80),(51,51)
(64,23),(31,59),(67,38)
(4,33),(6,38),(1,29)
(32,48),(90,60),(100,44)
(87,67),(63,1),(71,50)
(77,29),(51,3),(17,5)
(100,65),(35,10),(33,77)
(33,32),(2,0),(60,65)
(12,32),(100,99),(42,73)
(50,11),(99,84),(48,31)
(63,33),(55,34),(83,86)
(27,77),(8,97),(76,32)
(85,76),(74,53),(7,7)
(59,13),(72,27),(14,73)
(84,9),(33,73),(11,50)
(31,16),(84,32),(61,50)
(49,89),(8,6),(14,12)
(31,35),(54,56),(96,1)
(59,45),(32,46),(7,39)
(46,95),(29,36),(96,57)
(89,94),(11,73),(10,80)
(57,47),(15,69),(73,9)
(53,69),(87,18),(49,31)
(38,5),(30,27),(74,18)
(95,58),(92,33),(28,55)
(65,14),(76,4),(37,3)
(50,5),(66,37),(23,31)
(68,22),(41,99),(36,23)
(13,2),(88,7),(6,61)
(65,15),(92,41),(58,92)
(83,60),(56,1),(18,86)
(10,23),(90,5),(57,87)
(35,19),(38,12),(12,40)
(10,33),(80,7),(80,72)
(49,16),(66,34),(25,59)
(59,23),(99,33),(68,31)
(5,100),(53,16),(10,47)
(2,44),(42,17),(39,29)
(82,27),(16,49),(82,43)
(55,18),(26,73),(86,93)
(79,13),(7,89),(49,75)
(20,80),(15,55),(61,33)
(70,83),(3,60),(75,20)
(45,8),(54,17),(92,5)
(14,27),(41,30),(0,2)
(43,42),(51,29),(68,63)
(49,90),(50,70),(75,96)
(73,79),(97,90),(9,71)
(72,4),(83,64),(50,66)
(32,80),(24,39),(73,27)
(41,60),(34,100),(42,4)
(71,5),(12,82),(55,43)
(24,38),(16,46),(42,27)
(11,52),(19,41),(3,89)
(29,36),(96,84),(46,57)
(98,40),(94,72),(40,27)
(90,95),(83,18),(83,0)
(69,71),(66,31),(88,53)
(57,44),(97,38),(59,56)
(4,97),(57,2),(1,7)
(51,84),(24,10),(91,87)
(95,66),(39,33),(84,21)
(52,51),(26,82),(86,96)
(21,70),(33,78),(73,96)
(86,0),(58,89),(77,90)
(25,10),(39,42),(87,28)
(7,2),(89,75),(98,56)
(76,24),(98,59),(98,49)
(17,18),(59,48),(86,15)
(61,99),(69,61),(75,81)
(90,32),(62,13),(27,20)
(89,42),(95,87),(88,53)
(43,55),(60,53),(58,1)
(12,29),(49,28),(70,1)
(52,10),(60,53),(76,33)
(43,25),(100,45),(98,87)
(4,73),(41,97),(79,89)
(16,66),(48,62),(40,96)
(48,82),(85,53),(67,91)
(66,74),(50,90),(14,98)
(89,25),(12,63),(26,68)
(72,20),(17,33),(80,55)
(77,30),(84,11),(83,22)
(91,72),(86,9),(88,67)
(11,86),(89,72),(35,33)
(29,32),(17,38),(53,54)
(62,71),(71,76),(53,72)
(41,76),(19,44),(93,42)
(66,27),(71,28),(42,62)
(87,14),(99,1),(26,27)
(37,52),(14,5),(35,10)
(27,60),(18,91),(90,43)
(95,87),(24,19),(68,81)
(97,18),(59,3),(48,31)
(70,10),(93,90),(11,92)
(22,34),(16,4),(20,45)
(37,62),(10,11),(43,54)
(57,99),(22,4),(8,37)
(89,55),(86,4),(30,83)
(77,38),(38,0),(46,49)
(97,66),(79,97),(49,74)
(33,62),(79,5),(86,0)
(6,87),(87,41),(65,15)
(57,21),(14,2),(35,9)
(7,40),(35,3),(36,69)
(55,92),(74,23),(13,11)
(68,37),(42,40),(93,36)
(85,71),(83,32),(18,75)
(6,61),(91,19),(81,89)
(48,65),(16,8),(29,13)
(19,16),(80,62),(76,91)
(14,94),(74,78),(52,34)
(3,17),(5,33),(69,7)
(44,62),(41,84),(5,56)
(71,58),(56,40),(75,48)
(28,94),(99,12),(14,71)
(74,67),(96,81),(27,17)
(25,45),(75,8),(74,76)
(58,41),(28,97),(0,79)
(23,11),(45,100),(55,39)
(97,46),(27,37),(48,15)
(56,24),(36,90),(63,56)
(40,41),(85,96),(0,76)
(47,14),(6,6),(19,9)
(80,64),(96,2),(19,30)
(39,72),(21,27),(45,18)
(93,96),(6,1),(94,17)
(100,56),(90,59),(72,28)
(66,3),(1,86),(31,96)
(14,96),(17,85),(0,15)
(97,1),(90,59),(81,63)
(52,92),(96,57),(19,28)
(45,76),(12,23),(87,54)
(46,39),(64,43),(72,79)
(8,37),(80,12),(54,29)
(56,55),(85,89),(100,60)
(33,45),(3,75),(49,47)
(61,78),(45,19),(99,56)
(4,86),(33,99),(56,91)
(96,60),(58,58),(81,45)
(16,70),(87,61),(19,32)
(76,20),(84,65),(16,42)
(18,87),(68,41),(42,83)
(25,76),(94,40),(77,28)
(31,11),(21,5),(88,98)
(86,29),(44,16),(43,16)
