(56,52),(12,54),(32,32)
(39,44),(94,44),(30,8)
(5,1),(91,51),(19,65)
(51,20),(58,25),(34,89)
(10,20),(7,30),(65,38)
(61,97),(71,43),(18,51)
(0,65),(70,57),(5,26)
(87,87),(93,86),(29,75)
(7,100),(89,88),(75,64)
(24,44),(36,38),(37,40)
(5,32),(89,43),(95,46)
(8,95),(72,77),(58,15)
(90,27),(24,37),(69,38)
(30,80),(30,31),(92,77)
(77,21),(76,33),(86,37)
(69,22),(8,37),(68,100)
(54,76),(57,94),(38,81)
(16,4),(69,89),(14,65)
(53,78),(21,7),(47,24)
(60,22),(50,39),(81,17)
(16,97),(30,94),(89,93)
(62,67),(24,20),(43,65)
(46,32),(67,42),(98,78)
(37,44),(56,60),(57,49)
(40,11),(13,17),(62,75)
(57,0),(100,95),(4,40)
(67,56),(1,0),(31,82)
(63,66),(72,64),(100,30)
(63,2),(44,19),(81,18)
(2,91),(64,91),(78,81)
(39,97),(64,73),(97,70)
(25,46),(21,70),(78,21)
(57,47),(84,92),(76,54)
(40,75),(31,38),(31,46)
(41,86),(51,84),(21,61)
(100,86),(58,37),(21,19)
(90,60),(67,44),(73,97)
(44,63),(49,31),(13,58)
(16,73),(77,76),(76,73)
(56,51),(67,4),(100,83)
(28,95),(10,77),(36,7)
(60,23),(54,0),(57,10)
(69,97),(40,39),(48,9)
(83,11),(25,44),(35,84)
(100,27),(12,83),(61,8)
(96,10),(10,35),(0,34)
(42,40),(5,53),(87,39)
(87,55),(71,90),(15,66)
(100,97),(49,88),(5,39)
(53,83),(81,60),(4,32)
(29,94),(14,53),(16,80)
(22,3),(29,16),(99,77)
(25,6),(61,4),(35,71)
(94,27),(0,30),(11,13)
(47,5),(92,64),(25,66)
(89,65),(63,29),(85,44)
(57,36),(41,87),(41,59)
(64,34),(33,92),(7,29)
(2,13),(55,76),(47,59)
(99,37),(12,27),(46,48)
(13,77),(20,83),(48,25)
(57,76),(62,55),(35,9)
(64,4),(10,64),(72,18)
(91,18),(15,77),(63,74)
(39,10),(77,36),(32,84)
(30,22),(23,87),(35,75)
(7,59),(58,65),(31,37)
(83,54),(45,79),(78,14)
(97,9),(86,12),(94,8)
(5,70),(44,95),(93,42)
(62,34),(36,40),(10,83)
(18,95),(97,59),(71,66)
(15,19),(48,62),(8,3)
(84,80),(9,8),(28,98)
(79,65),(66,43),(21,72)
(22,49),(78,89),(13,71)
(53,11),(65,59),(14,5)
(47,29),(77,28),(81,49)
(20,1),(66,41),(26,92)
(72,4),(59,7),(73,50)
(0,19),(25,86),(76,37)
(93,55),(73,15),(24,14)
(68,80),(87,73),(3,93)
(61,3),(41,94),(37,100)
(38,78),(35,33),(19,27)
(99,5),(58,80),(14,73)
(78,59),(40,22),(19,59)
(94,3),(71,47),(17,32)
(66,9),(99,97),(2,39)
(28,38),(59,85),(37,60)
(81,35),(8,8),(10,63)
(24,66),(96,100),(60,6)
(10,34),(52,41),(64,39)
(89,4),(8,80),(39,11)
(29,89),(25,92),(64,74)
(7,26),(28,6),(18,19)
(32,95),(74,67),(33,8)
(96,51),(5,96),(33,99)
(39,71),(62,35),(63,83)
(23,35),(8,69),(10,16)
