(-6,-9),(-8,-4),(0,-4)
(-3,-2),(-9,-7),(-4,-10)
(0,-1),(-6,-3),(-7,-5)
(-10,-5),(-2,0),(-10,-8)
(0,-7),(0,-10),(-4,-6)
(-1,-3),(-7,0),(-3,0)
(0,-3),(0,-8),(-2,-3)
(-1,-6),(0,-10),(-9,-6)
(-8,-8),(-4,-2),(-4,-3)
(-3,-5),(-5,-4),(-4,-3)
(-1,-4),(-7,-6),(-6,-6)
(0,-10),(-9,-6),(-8,0)
(-8,-9),(0,-10),(-6,-1)
(-1,-6),(-9,-3),(-1,-4)
(-3,-7),(0,-8),(-1,-7)
(-6,-1),(-2,-1),(-2,-4)
(-7,-2),(-1,-5),(-1,-5)
(-3,-6),(-3,-5),(-3,-2)
(-3,0),(-9,-5),(-2,-3)
(-1,-2),(0,-4),(-10,-2)
(-7,0),(-7,-6),(-8,-6)
(-5,0),(-2,0),(-8,-5)
(-7,0),(-4,0),(-5,-10)
(-1,-4),(-5,0),(-3,-10)
(-3,-7),(-5,-1),(-6,0)
(-6,-1),(-6,-3),(-2,-8)
(-4,0),(-6,-3),(-9,-5)
(-1,-7),(-3,-10),(-2,-2)
(-10,-6),(-2,-5),(-9,-10)
(-4,-1),(-8,-8),(-6,-4)
(-2,-7),(-7,-9),(-1,-3)
(-2,-10),(-6,-1),(-2,-2)
(-3,-6),(-4,-6),(-2,-2)
(-8,0),(-3,-1),(-8,-6)
(-9,-4),(-2,-6),(-7,-4)
(-10,-6),(-10,0),(-10,-9)
(-3,-9),(-3,-3),(0,-2)
(-6,-8),(-4,-8),(-1,-8)
(-6,0),(-2,-3),(-5,-9)
(0,-9),(-8,-4),(-7,-2)
(-9,-9),(-10,0),(-10,-7)
(-9,-7),(-2,-10),(-3,-9)
(-1,0),(-6,-2),(-6,-8)
(-10,-4),(-8,-7),(-1,-2)
(-7,-6),(-10,-6),(-8,-5)
(-8,-5),(-3,-7),(-5,-2)
(-10,-9),(-3,0),(-6,-1)
(-6,-5),(-6,-6),(-9,-1)
(-3,-9),(-7,-10),(-9,-8)
(-10,-6),(-4,-1),(-4,-6)
(-2,-3),(-9,-5),(-9,-1)
(-9,0),(-9,-8),(-7,-8)
(-6,-10),(-4,-9),(-4,-9)
(-5,-8),(-2,-5),(-10,-2)
(-7,0),(-1,-1),(-6,-8)
(-3,-3),(-9,-8),(-2,-1)
(-2,-2),(-2,0),(-1,-2)
(-9,-7),(-2,-7),(0,-3)
(-6,-4),(-5,-8),(-10,-8)
(-5,-5),(-1,-2),(-3,0)
(-3,-9),(0,-8),(-8,0)
(-9,-4),(-6,-4),(-1,-3)
(-9,-1),(-5,-10),(-9,-9)
(-4,-4),(-4,0),(-10,-4)
(-5,0),(-7,-8),(-7,-2)
(-3,-3),(-2,-3),(-1,-2)
(0,-5),(-1,-5),(-7,-5)
(-1,0),(-1,-10),(-3,0)
(-9,0),(0,-2),(-7,0)
(-8,-10),(-7,-8),(-3,-7)
(-3,-6),(-7,-10),(-4,-2)
(-7,-5),(-8,-2),(-1,0)
(-3,-10),(0,-2),(-6,-9)
(-3,-2),(-6,0),(-10,-3)
(-10,-7),(-5,-8),(-10,-7)
(0,-9),(-4,-4),(-1,-3)
(-10,-7),(-1,-4),(-10,-10)
(-7,-8),(-5,-7),(-8,0)
(-1,-10),(-1,-9),(-1,-9)
(0,-4),(-4,-3),(-7,-4)
(-2,-3),(-9,-1),(-7,-4)
(0,-7),(-5,-1),(-3,0)
(-9,-3),(-5,-9),(-8,-6)
(-2,-5),(-2,0),(-4,-4)
(-3,-6),(-9,-10),(-1,-6)
(-6,-1),(-3,-2),(0,-1)
(-6,-9),(-9,-10),(-2,-5)
(0,-2),(0,-6),(-7,-10)
(-4,-1),(-1,-7),(-7,-9)
(-4,-8),(-5,-6),(-7,-3)
(-10,-4),(-5,-7),(-10,0)
(-3,-2),(-2,-2),(-1,-1)
(-5,-5),(-9,0),(-4,0)
(-5,-9),(-8,-3),(-6,-1)
(-2,-10),(-10,-4),(-2,-2)
(-10,-7),(-2,-3),(-1,-6)
(-4,-2),(-7,-1),(-8,-2)
(-6,-4),(-2,-9),(-3,-10)
(0,-3),(-2,-1),(-5,-9)
(-7,-8),(-3,-5),(-8,-10)
